1.000000000000000021e-03 1.764222335815429865e+00
2.000000000000000042e-03 1.763961410522461026e+00
3.000000000000000062e-03 1.763913345336914240e+00
4.000000000000000083e-03 1.763899612426758079e+00
5.000000000000000104e-03 1.763892745971679776e+00
6.000000000000000125e-03 1.763885879516601918e+00
7.000000000000000146e-03 1.763885879516601918e+00
8.000000000000000167e-03 1.763879013061523615e+00
9.000000000000001055e-03 1.763879013061523615e+00
1.000000000000000194e-02 1.763879013061523615e+00
1.099999999999999936e-02 1.763879013061523615e+00
1.200000000000000025e-02 1.763879013061523615e+00
1.300000000000000114e-02 1.763879013061523615e+00
1.400000000000000203e-02 1.763879013061523615e+00
1.499999999999999944e-02 1.763879013061523615e+00
1.600000000000000033e-02 1.763879013061523615e+00
1.700000000000000122e-02 1.763879013061523615e+00
1.800000000000000211e-02 1.763879013061523615e+00
1.900000000000000300e-02 1.763879013061523615e+00
2.000000000000000042e-02 1.763879013061523615e+00
2.100000000000000130e-02 1.763879013061523615e+00
2.200000000000000219e-02 1.763879013061523615e+00
2.299999999999999961e-02 1.763879013061523615e+00
2.400000000000000050e-02 1.763879013061523615e+00
2.500000000000000139e-02 1.763879013061523615e+00
2.600000000000000228e-02 1.763879013061523615e+00
2.700000000000000316e-02 1.763879013061523615e+00
2.800000000000000058e-02 1.763879013061523615e+00
2.900000000000000147e-02 1.763879013061523615e+00
3.000000000000000236e-02 1.763879013061523615e+00
3.099999999999999978e-02 1.763879013061523615e+00
3.200000000000000067e-02 1.763879013061523615e+00
3.300000000000000155e-02 1.763879013061523615e+00
3.400000000000000244e-02 1.763879013061523615e+00
3.500000000000000333e-02 1.763879013061523615e+00
3.600000000000000422e-02 1.763879013061523615e+00
3.700000000000000511e-02 1.763879013061523615e+00
3.799999999999999906e-02 1.763879013061523615e+00
3.899999999999999994e-02 1.763879013061523615e+00
4.000000000000000083e-02 1.763879013061523615e+00
4.100000000000000172e-02 1.763879013061523615e+00
4.200000000000000261e-02 1.763879013061523615e+00
4.300000000000000350e-02 1.763879013061523615e+00
4.400000000000000439e-02 1.763879013061523615e+00
4.499999999999999833e-02 1.763879013061523615e+00
4.599999999999999922e-02 1.763879013061523615e+00
4.700000000000000011e-02 1.763879013061523615e+00
4.800000000000000100e-02 1.763879013061523615e+00
4.900000000000000189e-02 1.763879013061523615e+00
5.000000000000000278e-02 1.763879013061523615e+00
5.100000000000000366e-02 1.763879013061523615e+00
5.200000000000000455e-02 1.763879013061523615e+00
5.300000000000000544e-02 1.763879013061523615e+00
5.399999999999999939e-02 1.763879013061523615e+00
5.500000000000000028e-02 1.763879013061523615e+00
5.600000000000000117e-02 1.763879013061523615e+00
5.700000000000000205e-02 1.763879013061523615e+00
5.800000000000000294e-02 1.763879013061523615e+00
5.900000000000000383e-02 1.763879013061523615e+00
6.000000000000000472e-02 1.763879013061523615e+00
6.099999999999999867e-02 1.763879013061523615e+00
6.199999999999999956e-02 1.763879013061523615e+00
6.300000000000000044e-02 1.763879013061523615e+00
6.400000000000000133e-02 1.763879013061523615e+00
6.500000000000000222e-02 1.763879013061523615e+00
6.600000000000000311e-02 1.763879013061523615e+00
6.700000000000000400e-02 1.763879013061523615e+00
6.800000000000000488e-02 1.763879013061523615e+00
6.900000000000000577e-02 1.763879013061523615e+00
7.000000000000000666e-02 1.763879013061523615e+00
7.100000000000000755e-02 1.763879013061523615e+00
7.200000000000000844e-02 1.763879013061523615e+00
7.300000000000000933e-02 1.763879013061523615e+00
7.399999999999999634e-02 1.763879013061523615e+00
7.499999999999999722e-02 1.763879013061523615e+00
7.599999999999999811e-02 1.763879013061523615e+00
7.699999999999999900e-02 1.763879013061523615e+00
7.799999999999999989e-02 1.763879013061523615e+00
7.900000000000000078e-02 1.763879013061523615e+00
8.000000000000000167e-02 1.763879013061523615e+00
8.100000000000000255e-02 1.763879013061523615e+00
8.200000000000000344e-02 1.763879013061523615e+00
8.300000000000000433e-02 1.763879013061523615e+00
8.400000000000000522e-02 1.763879013061523615e+00
8.500000000000000611e-02 1.763879013061523615e+00
8.600000000000000699e-02 1.763879013061523615e+00
8.700000000000000788e-02 1.763879013061523615e+00
8.800000000000000877e-02 1.763879013061523615e+00
8.899999999999999578e-02 1.763879013061523615e+00
8.999999999999999667e-02 1.763879013061523615e+00
9.099999999999999756e-02 1.763879013061523615e+00
9.199999999999999845e-02 1.763879013061523615e+00
9.299999999999999933e-02 1.763879013061523615e+00
9.400000000000000022e-02 1.763879013061523615e+00
9.500000000000000111e-02 1.763879013061523615e+00
9.600000000000000200e-02 1.763879013061523615e+00
9.700000000000000289e-02 1.763879013061523615e+00
9.800000000000000377e-02 1.763879013061523615e+00
9.900000000000000466e-02 1.763879013061523615e+00
1.000000000000000056e-01 1.763879013061523615e+00
1.010000000000000064e-01 1.763879013061523615e+00
1.020000000000000073e-01 1.763879013061523615e+00
1.030000000000000082e-01 1.763879013061523615e+00
1.040000000000000091e-01 1.763879013061523615e+00
1.050000000000000100e-01 1.763879013061523615e+00
1.059999999999999970e-01 1.763879013061523615e+00
1.069999999999999979e-01 1.763879013061523615e+00
1.079999999999999988e-01 1.763879013061523615e+00
1.089999999999999997e-01 1.763879013061523615e+00
1.100000000000000006e-01 1.763879013061523615e+00
1.110000000000000014e-01 1.763879013061523615e+00
1.120000000000000023e-01 1.763879013061523615e+00
1.130000000000000032e-01 1.763879013061523615e+00
1.140000000000000041e-01 1.763879013061523615e+00
1.150000000000000050e-01 1.763879013061523615e+00
1.160000000000000059e-01 1.763879013061523615e+00
1.170000000000000068e-01 1.763879013061523615e+00
1.180000000000000077e-01 1.763879013061523615e+00
1.190000000000000085e-01 1.763879013061523615e+00
1.200000000000000094e-01 1.763879013061523615e+00
1.209999999999999964e-01 1.763879013061523615e+00
1.219999999999999973e-01 1.763879013061523615e+00
1.229999999999999982e-01 1.763879013061523615e+00
1.239999999999999991e-01 1.763879013061523615e+00
1.250000000000000000e-01 1.763879013061523615e+00
1.260000000000000009e-01 1.763879013061523615e+00
1.270000000000000018e-01 1.763879013061523615e+00
1.280000000000000027e-01 1.763879013061523615e+00
1.290000000000000036e-01 1.763879013061523615e+00
1.300000000000000044e-01 1.763872146606445757e+00
1.310000000000000053e-01 1.763872146606445757e+00
1.320000000000000062e-01 1.763872146606445757e+00
1.330000000000000071e-01 1.763872146606445757e+00
1.340000000000000080e-01 1.763872146606445757e+00
1.350000000000000089e-01 1.763872146606445757e+00
1.360000000000000098e-01 1.763872146606445757e+00
1.370000000000000107e-01 1.763872146606445757e+00
1.380000000000000115e-01 1.763872146606445757e+00
1.390000000000000124e-01 1.763872146606445757e+00
1.400000000000000133e-01 1.763872146606445757e+00
1.410000000000000142e-01 1.763872146606445757e+00
1.420000000000000151e-01 1.763872146606445757e+00
1.430000000000000160e-01 1.763872146606445757e+00
1.440000000000000169e-01 1.763872146606445757e+00
1.450000000000000178e-01 1.763872146606445757e+00
1.459999999999999909e-01 1.763872146606445757e+00
1.469999999999999918e-01 1.763872146606445757e+00
1.479999999999999927e-01 1.763865280151367454e+00
1.489999999999999936e-01 1.763865280151367454e+00
1.499999999999999944e-01 1.763865280151367454e+00
1.509999999999999953e-01 1.763865280151367454e+00
1.519999999999999962e-01 1.763865280151367454e+00
1.529999999999999971e-01 1.763865280151367454e+00
1.539999999999999980e-01 1.763865280151367454e+00
1.549999999999999989e-01 1.763865280151367454e+00
1.559999999999999998e-01 1.763858413696289151e+00
1.570000000000000007e-01 1.763858413696289151e+00
1.580000000000000016e-01 1.763858413696289151e+00
1.590000000000000024e-01 1.763858413696289151e+00
1.600000000000000033e-01 1.763858413696289151e+00
1.610000000000000042e-01 1.763851547241211293e+00
1.620000000000000051e-01 1.763851547241211293e+00
1.630000000000000060e-01 1.763851547241211293e+00
1.640000000000000069e-01 1.763851547241211293e+00
1.650000000000000078e-01 1.763844680786132990e+00
1.660000000000000087e-01 1.763844680786132990e+00
1.670000000000000095e-01 1.763844680786132990e+00
1.680000000000000104e-01 1.763837814331054688e+00
1.690000000000000113e-01 1.763837814331054688e+00
1.700000000000000122e-01 1.763837814331054688e+00
1.710000000000000131e-01 1.763830947875976829e+00
1.720000000000000140e-01 1.763830947875976829e+00
1.730000000000000149e-01 1.763824081420898526e+00
1.740000000000000158e-01 1.763824081420898526e+00
1.750000000000000167e-01 1.763817214965820668e+00
1.760000000000000175e-01 1.763817214965820668e+00
1.769999999999999907e-01 1.763810348510742365e+00
1.779999999999999916e-01 1.763810348510742365e+00
1.789999999999999925e-01 1.763803482055664507e+00
1.799999999999999933e-01 1.763796615600586204e+00
1.809999999999999942e-01 1.763796615600586204e+00
1.819999999999999951e-01 1.763789749145508345e+00
1.829999999999999960e-01 1.763782882690430043e+00
1.839999999999999969e-01 1.763782882690430043e+00
1.849999999999999978e-01 1.763776016235351740e+00
1.859999999999999987e-01 1.763769149780273882e+00
1.869999999999999996e-01 1.763762283325195579e+00
1.880000000000000004e-01 1.763755416870117276e+00
1.890000000000000013e-01 1.763748550415039418e+00
1.900000000000000022e-01 1.763741683959961115e+00
1.910000000000000031e-01 1.763734817504883257e+00
1.920000000000000040e-01 1.763727951049804954e+00
1.930000000000000049e-01 1.763721084594726651e+00
1.940000000000000058e-01 1.763714218139648793e+00
1.950000000000000067e-01 1.763707351684570490e+00
1.960000000000000075e-01 1.763700485229492188e+00
1.970000000000000084e-01 1.763686752319336026e+00
1.980000000000000093e-01 1.763679885864258168e+00
1.990000000000000102e-01 1.763666152954101562e+00
2.000000000000000111e-01 1.763659286499023704e+00
2.010000000000000120e-01 1.763652420043945401e+00
2.020000000000000129e-01 1.763638687133789240e+00
2.030000000000000138e-01 1.763624954223633079e+00
2.040000000000000147e-01 1.763618087768554776e+00
2.050000000000000155e-01 1.763604354858398615e+00
2.060000000000000164e-01 1.763590621948242010e+00
2.070000000000000173e-01 1.763576889038085849e+00
2.080000000000000182e-01 1.763563156127929688e+00
2.090000000000000191e-01 1.763549423217773526e+00
2.099999999999999922e-01 1.763535690307617365e+00
2.109999999999999931e-01 1.763521957397461204e+00
2.119999999999999940e-01 1.763508224487304599e+00
2.129999999999999949e-01 1.763494491577148438e+00
2.139999999999999958e-01 1.763473892211914418e+00
2.149999999999999967e-01 1.763460159301758257e+00
2.159999999999999976e-01 1.763439559936523793e+00
2.169999999999999984e-01 1.763425827026367188e+00
2.179999999999999993e-01 1.763405227661133168e+00
2.190000000000000002e-01 1.763391494750976562e+00
2.200000000000000011e-01 1.763370895385742099e+00
2.210000000000000020e-01 1.763350296020508079e+00
2.220000000000000029e-01 1.763329696655273615e+00
2.230000000000000038e-01 1.763309097290039151e+00
2.240000000000000047e-01 1.763288497924804688e+00
2.250000000000000056e-01 1.763261032104491921e+00
2.260000000000000064e-01 1.763240432739257901e+00
2.270000000000000073e-01 1.763212966918945579e+00
2.280000000000000082e-01 1.763192367553711115e+00
2.290000000000000091e-01 1.763164901733398349e+00
2.300000000000000100e-01 1.763137435913086026e+00
2.310000000000000109e-01 1.763116836547851562e+00
2.320000000000000118e-01 1.763089370727539240e+00
2.330000000000000127e-01 1.763061904907226474e+00
2.340000000000000135e-01 1.763027572631835849e+00
2.350000000000000144e-01 1.763000106811523526e+00
2.360000000000000153e-01 1.762972640991211204e+00
2.370000000000000162e-01 1.762938308715820579e+00
2.380000000000000171e-01 1.762903976440429954e+00
2.390000000000000180e-01 1.762876510620117188e+00
2.400000000000000189e-01 1.762842178344726562e+00
2.409999999999999920e-01 1.762807846069335938e+00
2.419999999999999929e-01 1.762773513793945312e+00
2.429999999999999938e-01 1.762732315063476385e+00
2.439999999999999947e-01 1.762697982788085760e+00
2.449999999999999956e-01 1.762663650512695579e+00
2.459999999999999964e-01 1.762622451782226651e+00
2.469999999999999973e-01 1.762581253051758168e+00
2.479999999999999982e-01 1.762540054321289240e+00
2.489999999999999991e-01 1.762498855590820312e+00
2.500000000000000000e-01 1.762457656860351385e+00
2.510000000000000009e-01 1.762416458129882901e+00
2.520000000000000018e-01 1.762368392944335671e+00
2.530000000000000027e-01 1.762327194213867188e+00
2.540000000000000036e-01 1.762279129028320401e+00
2.550000000000000044e-01 1.762231063842773615e+00
2.560000000000000053e-01 1.762182998657226385e+00
2.570000000000000062e-01 1.762134933471679599e+00
2.580000000000000071e-01 1.762080001831054510e+00
2.590000000000000080e-01 1.762031936645508168e+00
2.600000000000000089e-01 1.761977005004883079e+00
2.610000000000000098e-01 1.761922073364257990e+00
2.620000000000000107e-01 1.761867141723632901e+00
2.630000000000000115e-01 1.761812210083007812e+00
2.640000000000000124e-01 1.761757278442382724e+00
2.650000000000000133e-01 1.761695480346679776e+00
2.660000000000000142e-01 1.761633682250976385e+00
2.670000000000000151e-01 1.761571884155273438e+00
2.680000000000000160e-01 1.761510086059570046e+00
2.690000000000000169e-01 1.761448287963867099e+00
2.700000000000000178e-01 1.761386489868164151e+00
2.710000000000000187e-01 1.761317825317382901e+00
2.720000000000000195e-01 1.761249160766601651e+00
2.730000000000000204e-01 1.761180496215820401e+00
2.740000000000000213e-01 1.761111831665039151e+00
2.750000000000000222e-01 1.761043167114257901e+00
2.760000000000000231e-01 1.760967636108398349e+00
2.770000000000000240e-01 1.760898971557617099e+00
2.780000000000000249e-01 1.760823440551757990e+00
2.790000000000000258e-01 1.760747909545898438e+00
2.800000000000000266e-01 1.760665512084960582e+00
2.810000000000000275e-01 1.760589981079101474e+00
2.820000000000000284e-01 1.760507583618164062e+00
2.830000000000000293e-01 1.760425186157226207e+00
2.840000000000000302e-01 1.760342788696288796e+00
2.850000000000000311e-01 1.760260391235351385e+00
2.860000000000000320e-01 1.760171127319335671e+00
2.870000000000000329e-01 1.760081863403320401e+00
2.880000000000000338e-01 1.759992599487304688e+00
2.890000000000000346e-01 1.759903335571288974e+00
2.899999999999999800e-01 1.759814071655273704e+00
2.909999999999999809e-01 1.759717941284179688e+00
2.919999999999999818e-01 1.759621810913085671e+00
2.929999999999999827e-01 1.759525680541992099e+00
2.939999999999999836e-01 1.759429550170898526e+00
2.949999999999999845e-01 1.759326553344726207e+00
2.959999999999999853e-01 1.759223556518554332e+00
2.969999999999999862e-01 1.759120559692382901e+00
2.979999999999999871e-01 1.759017562866211026e+00
2.989999999999999880e-01 1.758914566040039151e+00
2.999999999999999889e-01 1.758804702758788974e+00
3.009999999999999898e-01 1.758694839477539240e+00
3.019999999999999907e-01 1.758584976196289062e+00
3.029999999999999916e-01 1.758468246459961026e+00
3.039999999999999925e-01 1.758351516723632990e+00
3.049999999999999933e-01 1.758234786987304510e+00
3.059999999999999942e-01 1.758118057250976474e+00
3.069999999999999951e-01 1.758001327514648438e+00
3.079999999999999960e-01 1.757877731323242099e+00
3.089999999999999969e-01 1.757754135131835760e+00
3.099999999999999978e-01 1.757630538940429865e+00
3.109999999999999987e-01 1.757500076293945224e+00
3.119999999999999996e-01 1.757376480102538885e+00
3.130000000000000004e-01 1.757239151000976385e+00
3.140000000000000013e-01 1.757108688354491743e+00
3.150000000000000022e-01 1.756978225708007990e+00
3.160000000000000031e-01 1.756840896606445490e+00
3.170000000000000040e-01 1.756703567504882990e+00
3.180000000000000049e-01 1.756559371948242188e+00
3.190000000000000058e-01 1.756422042846679688e+00
3.200000000000000067e-01 1.756277847290039329e+00
3.210000000000000075e-01 1.756126785278320224e+00
3.220000000000000084e-01 1.755982589721679865e+00
3.230000000000000093e-01 1.755831527709960760e+00
3.240000000000000102e-01 1.755680465698242099e+00
3.250000000000000111e-01 1.755529403686523438e+00
3.260000000000000120e-01 1.755371475219726474e+00
3.270000000000000129e-01 1.755213546752929954e+00
3.280000000000000138e-01 1.755055618286132990e+00
3.290000000000000147e-01 1.754890823364258168e+00
3.300000000000000155e-01 1.754726028442382901e+00
3.310000000000000164e-01 1.754561233520508079e+00
3.320000000000000173e-01 1.754396438598632812e+00
3.330000000000000182e-01 1.754224777221679688e+00
3.340000000000000191e-01 1.754053115844726562e+00
3.350000000000000200e-01 1.753881454467773438e+00
3.360000000000000209e-01 1.753702926635742010e+00
3.370000000000000218e-01 1.753524398803711026e+00
3.380000000000000226e-01 1.753345870971679599e+00
3.390000000000000235e-01 1.753160476684570312e+00
3.400000000000000244e-01 1.752975082397461026e+00
3.410000000000000253e-01 1.752789688110351296e+00
3.420000000000000262e-01 1.752597427368164151e+00
3.430000000000000271e-01 1.752405166625976562e+00
3.440000000000000280e-01 1.752212905883788974e+00
3.450000000000000289e-01 1.752020645141601385e+00
3.460000000000000298e-01 1.751821517944335493e+00
3.470000000000000306e-01 1.751622390747070046e+00
3.480000000000000315e-01 1.751416397094726296e+00
3.490000000000000324e-01 1.751210403442382990e+00
3.500000000000000333e-01 1.751004409790039240e+00
3.510000000000000342e-01 1.750798416137695490e+00
3.520000000000000351e-01 1.750585556030273438e+00
3.529999999999999805e-01 1.750372695922851385e+00
3.539999999999999813e-01 1.750152969360351474e+00
3.549999999999999822e-01 1.749933242797851562e+00
3.559999999999999831e-01 1.749713516235351651e+00
3.569999999999999840e-01 1.749493789672851740e+00
3.579999999999999849e-01 1.749267196655273526e+00
3.589999999999999858e-01 1.749033737182617010e+00
3.599999999999999867e-01 1.748807144165039240e+00
3.609999999999999876e-01 1.748573684692382724e+00
3.619999999999999885e-01 1.748340225219726207e+00
3.629999999999999893e-01 1.748099899291991832e+00
3.639999999999999902e-01 1.747859573364257901e+00
3.649999999999999911e-01 1.747619247436523526e+00
3.659999999999999920e-01 1.747372055053710849e+00
3.669999999999999929e-01 1.747124862670898171e+00
3.679999999999999938e-01 1.746870803833007635e+00
3.689999999999999947e-01 1.746616744995116655e+00
3.699999999999999956e-01 1.746362686157226118e+00
3.709999999999999964e-01 1.746108627319335582e+00
3.719999999999999973e-01 1.745847702026367188e+00
3.729999999999999982e-01 1.745579910278320046e+00
3.739999999999999991e-01 1.745318984985351207e+00
3.750000000000000000e-01 1.745051193237304510e+00
3.760000000000000009e-01 1.744776535034179510e+00
3.770000000000000018e-01 1.744508743286132812e+00
3.780000000000000027e-01 1.744227218627929510e+00
3.790000000000000036e-01 1.743952560424804510e+00
3.800000000000000044e-01 1.743671035766601651e+00
3.810000000000000053e-01 1.743389511108398349e+00
3.820000000000000062e-01 1.743101119995116743e+00
3.830000000000000071e-01 1.742812728881835582e+00
3.840000000000000080e-01 1.742517471313476562e+00
3.850000000000000089e-01 1.742222213745117099e+00
3.860000000000000098e-01 1.741926956176758079e+00
3.870000000000000107e-01 1.741624832153320312e+00
3.880000000000000115e-01 1.741322708129882990e+00
3.890000000000000124e-01 1.741020584106445668e+00
3.900000000000000133e-01 1.740711593627929599e+00
3.910000000000000142e-01 1.740402603149413974e+00
3.920000000000000151e-01 1.740086746215820490e+00
3.930000000000000160e-01 1.739770889282226562e+00
3.940000000000000169e-01 1.739455032348632635e+00
3.950000000000000178e-01 1.739132308959960849e+00
3.960000000000000187e-01 1.738802719116210760e+00
3.970000000000000195e-01 1.738479995727538974e+00
3.980000000000000204e-01 1.738150405883788885e+00
3.990000000000000213e-01 1.737813949584960493e+00
4.000000000000000222e-01 1.737477493286132546e+00
4.010000000000000231e-01 1.737141036987304599e+00
4.020000000000000240e-01 1.736797714233398349e+00
4.030000000000000249e-01 1.736454391479491655e+00
4.040000000000000258e-01 1.736104202270507990e+00
4.050000000000000266e-01 1.735754013061523438e+00
4.060000000000000275e-01 1.735403823852538885e+00
4.070000000000000284e-01 1.735046768188476474e+00
4.080000000000000293e-01 1.734689712524414062e+00
4.090000000000000302e-01 1.734325790405273349e+00
4.100000000000000311e-01 1.733961868286132635e+00
4.110000000000000320e-01 1.733591079711914062e+00
4.120000000000000329e-01 1.733220291137695046e+00
4.130000000000000338e-01 1.732849502563476030e+00
4.140000000000000346e-01 1.732471847534179155e+00
4.150000000000000355e-01 1.732087326049804421e+00
4.160000000000000364e-01 1.731709671020507990e+00
4.170000000000000373e-01 1.731325149536132812e+00
4.179999999999999827e-01 1.730933761596679332e+00
4.189999999999999836e-01 1.730542373657226296e+00
4.199999999999999845e-01 1.730144119262695401e+00
4.209999999999999853e-01 1.729745864868164062e+00
4.219999999999999862e-01 1.729347610473632724e+00
4.229999999999999871e-01 1.728942489624023082e+00
4.239999999999999880e-01 1.728537368774413885e+00
4.249999999999999889e-01 1.728125381469726385e+00
4.259999999999999898e-01 1.727713394165038885e+00
4.269999999999999907e-01 1.727294540405273526e+00
4.279999999999999916e-01 1.726875686645508168e+00
4.289999999999999925e-01 1.726449966430664062e+00
4.299999999999999933e-01 1.726024246215820401e+00
4.309999999999999942e-01 1.725598526000976296e+00
4.319999999999999951e-01 1.725165939331054332e+00
4.329999999999999960e-01 1.724733352661132812e+00
4.339999999999999969e-01 1.724293899536132990e+00
4.349999999999999978e-01 1.723847579956054421e+00
4.359999999999999987e-01 1.723408126831054599e+00
4.369999999999999996e-01 1.722954940795898615e+00
4.380000000000000004e-01 1.722501754760742188e+00
4.390000000000000013e-01 1.722048568725585760e+00
4.400000000000000022e-01 1.721595382690429776e+00
4.410000000000000031e-01 1.721128463745117188e+00
4.420000000000000040e-01 1.720668411254882901e+00
4.430000000000000049e-01 1.720201492309570312e+00
4.440000000000000058e-01 1.719727706909179865e+00
4.450000000000000067e-01 1.719253921508788974e+00
4.460000000000000075e-01 1.718773269653320224e+00
4.470000000000000084e-01 1.718292617797851474e+00
4.480000000000000093e-01 1.717811965942382724e+00
4.490000000000000102e-01 1.717324447631835671e+00
4.500000000000000111e-01 1.716830062866210760e+00
4.510000000000000120e-01 1.716335678100585849e+00
4.520000000000000129e-01 1.715841293334960938e+00
4.530000000000000138e-01 1.715340042114257724e+00
4.540000000000000147e-01 1.714838790893554510e+00
4.550000000000000155e-01 1.714330673217773438e+00
4.560000000000000164e-01 1.713815689086914062e+00
4.570000000000000173e-01 1.713300704956054688e+00
4.580000000000000182e-01 1.712785720825195312e+00
4.590000000000000191e-01 1.712263870239257635e+00
4.600000000000000200e-01 1.711742019653319957e+00
4.610000000000000209e-01 1.711213302612304421e+00
4.620000000000000218e-01 1.710677719116211026e+00
4.630000000000000226e-01 1.710142135620116743e+00
4.640000000000000235e-01 1.709606552124023349e+00
4.650000000000000244e-01 1.709064102172851651e+00
4.660000000000000253e-01 1.708514785766601651e+00
4.670000000000000262e-01 1.707972335815429510e+00
4.680000000000000271e-01 1.707416152954101651e+00
4.690000000000000280e-01 1.706859970092773349e+00
4.700000000000000289e-01 1.706303787231445490e+00
4.710000000000000298e-01 1.705740737915039329e+00
4.720000000000000306e-01 1.705170822143554421e+00
4.730000000000000315e-01 1.704600906372070401e+00
4.740000000000000324e-01 1.704024124145508079e+00
4.750000000000000333e-01 1.703447341918945312e+00
4.760000000000000342e-01 1.702870559692382990e+00
4.770000000000000351e-01 1.702286911010742365e+00
4.780000000000000360e-01 1.701696395874023438e+00
4.790000000000000369e-01 1.701105880737304510e+00
4.800000000000000377e-01 1.700508499145508168e+00
4.809999999999999831e-01 1.699911117553710938e+00
4.819999999999999840e-01 1.699306869506835849e+00
4.829999999999999849e-01 1.698702621459961204e+00
4.839999999999999858e-01 1.698091506958008257e+00
4.849999999999999867e-01 1.697480392456054865e+00
4.859999999999999876e-01 1.696862411499023615e+00
4.869999999999999885e-01 1.696237564086914062e+00
4.879999999999999893e-01 1.695612716674804510e+00
4.889999999999999902e-01 1.694987869262695401e+00
4.899999999999999911e-01 1.694356155395507990e+00
4.909999999999999920e-01 1.693717575073242276e+00
4.919999999999999929e-01 1.693078994750976562e+00
4.929999999999999938e-01 1.692433547973632990e+00
4.939999999999999947e-01 1.691788101196288974e+00
4.949999999999999956e-01 1.691135787963867099e+00
4.959999999999999964e-01 1.690483474731445224e+00
4.969999999999999973e-01 1.689824295043945490e+00
4.979999999999999982e-01 1.689165115356445312e+00
4.989999999999999991e-01 1.688499069213867276e+00
5.000000000000000000e-01 1.687826156616210938e+00
5.010000000000000009e-01 1.687153244018554599e+00
5.020000000000000018e-01 1.686473464965820401e+00
5.030000000000000027e-01 1.685793685913085760e+00
5.040000000000000036e-01 1.685107040405273704e+00
5.050000000000000044e-01 1.684420394897461204e+00
5.060000000000000053e-01 1.683726882934570401e+00
5.070000000000000062e-01 1.683033370971679599e+00
5.080000000000000071e-01 1.682332992553710938e+00
5.090000000000000080e-01 1.681625747680663974e+00
5.100000000000000089e-01 1.680918502807617010e+00
5.110000000000000098e-01 1.680204391479491743e+00
5.120000000000000107e-01 1.679490280151367365e+00
5.130000000000000115e-01 1.678769302368164240e+00
5.140000000000000124e-01 1.678041458129882812e+00
5.150000000000000133e-01 1.677313613891601385e+00
5.160000000000000142e-01 1.676585769653319957e+00
5.170000000000000151e-01 1.675844192504882812e+00
5.180000000000000160e-01 1.675109481811523526e+00
5.190000000000000169e-01 1.674361038208008079e+00
5.200000000000000178e-01 1.673612594604491743e+00
5.210000000000000187e-01 1.672864151000976296e+00
5.220000000000000195e-01 1.672108840942382990e+00
5.230000000000000204e-01 1.671346664428710938e+00
5.240000000000000213e-01 1.670584487915039329e+00
5.250000000000000222e-01 1.669815444946288974e+00
5.260000000000000231e-01 1.669039535522460760e+00
5.270000000000000240e-01 1.668263626098632990e+00
5.280000000000000249e-01 1.667480850219726474e+00
5.290000000000000258e-01 1.666698074340820401e+00
5.300000000000000266e-01 1.665908432006836026e+00
5.310000000000000275e-01 1.665118789672851651e+00
5.320000000000000284e-01 1.664322280883788974e+00
5.330000000000000293e-01 1.663518905639648882e+00
5.340000000000000302e-01 1.662715530395508345e+00
5.350000000000000311e-01 1.661905288696289062e+00
5.360000000000000320e-01 1.661088180541991921e+00
5.370000000000000329e-01 1.660271072387695224e+00
5.380000000000000338e-01 1.659453964233398526e+00
5.390000000000000346e-01 1.658623123168945668e+00
5.400000000000000355e-01 1.657792282104491921e+00
5.410000000000000364e-01 1.656961441040039062e+00
5.420000000000000373e-01 1.656123733520507901e+00
5.430000000000000382e-01 1.655279159545898438e+00
5.440000000000000391e-01 1.654427719116211115e+00
5.450000000000000400e-01 1.653576278686523349e+00
5.460000000000000409e-01 1.652724838256836026e+00
5.470000000000000417e-01 1.651859664916992099e+00
5.480000000000000426e-01 1.650994491577148615e+00
5.490000000000000435e-01 1.650129318237304688e+00
5.500000000000000444e-01 1.649257278442382901e+00
5.510000000000000453e-01 1.648378372192382812e+00
5.520000000000000462e-01 1.647492599487304865e+00
5.530000000000000471e-01 1.646606826782226474e+00
5.540000000000000480e-01 1.645721054077148526e+00
5.550000000000000488e-01 1.644821548461914418e+00
5.560000000000000497e-01 1.643922042846679865e+00
5.570000000000000506e-01 1.643022537231445757e+00
5.580000000000000515e-01 1.642109298706055043e+00
5.590000000000000524e-01 1.641196060180664329e+00
5.600000000000000533e-01 1.640282821655273615e+00
5.610000000000000542e-01 1.639362716674804599e+00
5.620000000000000551e-01 1.638435745239258168e+00
5.630000000000000560e-01 1.637501907348632990e+00
5.640000000000000568e-01 1.636568069458008257e+00
5.650000000000000577e-01 1.635627365112304776e+00
5.660000000000000586e-01 1.634686660766601740e+00
5.670000000000000595e-01 1.633739089965820401e+00
5.680000000000000604e-01 1.632784652709960760e+00
5.690000000000000613e-01 1.631823348999023704e+00
5.700000000000000622e-01 1.630862045288085760e+00
5.710000000000000631e-01 1.629900741577148704e+00
5.720000000000000639e-01 1.628925704956054599e+00
5.730000000000000648e-01 1.627950668334960938e+00
5.740000000000000657e-01 1.626968765258788974e+00
5.750000000000000666e-01 1.625986862182617010e+00
5.760000000000000675e-01 1.624998092651367188e+00
5.770000000000000684e-01 1.624002456665039062e+00
5.779999999999999583e-01 1.622999954223633079e+00
5.789999999999999591e-01 1.621997451782226651e+00
5.799999999999999600e-01 1.620988082885741921e+00
5.809999999999999609e-01 1.619978713989257635e+00
5.819999999999999618e-01 1.618962478637695490e+00
5.829999999999999627e-01 1.617939376831054599e+00
5.839999999999999636e-01 1.616909408569335849e+00
5.849999999999999645e-01 1.615879440307617099e+00
5.859999999999999654e-01 1.614842605590820490e+00
5.869999999999999662e-01 1.613798904418945579e+00
5.879999999999999671e-01 1.612755203247070224e+00
5.889999999999999680e-01 1.611704635620117010e+00
5.899999999999999689e-01 1.610647201538085938e+00
5.909999999999999698e-01 1.609589767456054865e+00
5.919999999999999707e-01 1.608525466918945490e+00
5.929999999999999716e-01 1.607454299926758257e+00
5.939999999999999725e-01 1.606376266479492276e+00
5.949999999999999734e-01 1.605298233032226740e+00
5.959999999999999742e-01 1.604213333129882901e+00
5.969999999999999751e-01 1.603121566772461204e+00
5.979999999999999760e-01 1.602029800415039507e+00
5.989999999999999769e-01 1.600931167602539062e+00
5.999999999999999778e-01 1.599825668334960760e+00
6.009999999999999787e-01 1.598713302612304599e+00
6.019999999999999796e-01 1.597600936889648438e+00
6.029999999999999805e-01 1.596481704711914418e+00
6.039999999999999813e-01 1.595362472534179510e+00
6.049999999999999822e-01 1.594229507446289329e+00
6.059999999999999831e-01 1.593096542358398704e+00
6.069999999999999840e-01 1.591956710815429776e+00
6.079999999999999849e-01 1.590810012817382990e+00
6.089999999999999858e-01 1.589663314819336204e+00
6.099999999999999867e-01 1.588509750366211115e+00
6.109999999999999876e-01 1.587349319458008168e+00
6.119999999999999885e-01 1.586182022094726918e+00
6.129999999999999893e-01 1.585014724731445668e+00
6.139999999999999902e-01 1.583840560913086115e+00
6.149999999999999911e-01 1.582659530639648704e+00
6.159999999999999920e-01 1.581478500366211293e+00
6.169999999999999929e-01 1.580283737182617276e+00
6.179999999999999938e-01 1.579088973999023704e+00
6.189999999999999947e-01 1.577887344360351385e+00
6.199999999999999956e-01 1.576685714721679954e+00
6.209999999999999964e-01 1.575470352172851918e+00
6.219999999999999973e-01 1.574254989624023438e+00
6.229999999999999982e-01 1.573032760620117099e+00
6.239999999999999991e-01 1.571810531616211204e+00
6.250000000000000000e-01 1.570574569702148704e+00
6.260000000000000009e-01 1.569338607788085760e+00
6.270000000000000018e-01 1.568095779418945401e+00
6.280000000000000027e-01 1.566846084594726740e+00
6.290000000000000036e-01 1.565596389770508079e+00
6.300000000000000044e-01 1.564339828491211115e+00
6.310000000000000053e-01 1.563069534301757990e+00
6.320000000000000062e-01 1.561806106567383168e+00
6.330000000000000071e-01 1.560528945922851740e+00
6.340000000000000080e-01 1.559244918823242010e+00
6.350000000000000089e-01 1.557960891723633168e+00
6.360000000000000098e-01 1.556669998168945579e+00
6.370000000000000107e-01 1.555372238159179688e+00
6.380000000000000115e-01 1.554074478149414240e+00
6.390000000000000124e-01 1.552762985229492188e+00
6.400000000000000133e-01 1.551451492309570579e+00
6.410000000000000142e-01 1.550133132934570668e+00
6.420000000000000151e-01 1.548807907104492010e+00
6.430000000000000160e-01 1.547475814819335938e+00
6.440000000000000169e-01 1.546143722534179865e+00
6.450000000000000178e-01 1.544804763793945490e+00
6.460000000000000187e-01 1.543458938598632812e+00
6.470000000000000195e-01 1.542106246948242276e+00
6.480000000000000204e-01 1.540746688842773882e+00
6.490000000000000213e-01 1.539380264282226740e+00
6.500000000000000222e-01 1.538013839721680043e+00
6.510000000000000231e-01 1.536640548706055043e+00
6.520000000000000240e-01 1.535253524780273882e+00
6.530000000000000249e-01 1.533873367309570579e+00
6.540000000000000258e-01 1.532479476928711115e+00
6.550000000000000266e-01 1.531078720092773793e+00
6.560000000000000275e-01 1.529677963256836470e+00
6.570000000000000284e-01 1.528263473510742543e+00
6.580000000000000293e-01 1.526848983764648615e+00
6.590000000000000302e-01 1.525427627563476829e+00
6.600000000000000311e-01 1.523999404907226740e+00
6.610000000000000320e-01 1.522571182250976651e+00
6.620000000000000329e-01 1.521129226684570401e+00
6.630000000000000338e-01 1.519687271118164595e+00
6.640000000000000346e-01 1.518231582641601740e+00
6.650000000000000355e-01 1.516775894165039329e+00
6.660000000000000364e-01 1.515313339233398615e+00
6.670000000000000373e-01 1.513843917846680043e+00
6.680000000000000382e-01 1.512367630004883168e+00
6.690000000000000391e-01 1.510884475708008434e+00
6.700000000000000400e-01 1.509401321411133257e+00
6.710000000000000409e-01 1.507904434204101474e+00
6.720000000000000417e-01 1.506407546997070579e+00
6.730000000000000426e-01 1.504903793334960938e+00
6.740000000000000435e-01 1.503393173217773882e+00
6.750000000000000444e-01 1.501875686645508523e+00
6.760000000000000453e-01 1.500351333618164418e+00
6.770000000000000462e-01 1.498820114135742010e+00
6.780000000000000471e-01 1.497282028198242188e+00
6.790000000000000480e-01 1.495737075805664507e+00
6.800000000000000488e-01 1.494192123413085938e+00
6.810000000000000497e-01 1.492633438110351651e+00
6.820000000000000506e-01 1.491074752807617365e+00
6.830000000000000515e-01 1.489502334594726474e+00
6.840000000000000524e-01 1.487929916381836026e+00
6.850000000000000533e-01 1.486350631713867276e+00
6.860000000000000542e-01 1.484757614135741921e+00
6.870000000000000551e-01 1.483164596557617010e+00
6.880000000000000560e-01 1.481564712524414240e+00
6.890000000000000568e-01 1.479957962036132724e+00
6.900000000000000577e-01 1.478344345092773349e+00
6.910000000000000586e-01 1.476723861694335671e+00
6.920000000000000595e-01 1.475103378295898438e+00
6.930000000000000604e-01 1.473469161987304599e+00
6.940000000000000613e-01 1.471828079223632901e+00
6.950000000000000622e-01 1.470180130004883345e+00
6.960000000000000631e-01 1.468532180786132901e+00
6.970000000000000639e-01 1.466870498657226740e+00
6.980000000000000648e-01 1.465201950073242276e+00
6.990000000000000657e-01 1.463526535034179510e+00
7.000000000000000666e-01 1.461851119995117188e+00
7.010000000000000675e-01 1.460161972045898704e+00
7.020000000000000684e-01 1.458472824096679776e+00
7.030000000000000693e-01 1.456769943237304688e+00
7.040000000000000702e-01 1.455060195922851740e+00
7.049999999999999600e-01 1.453350448608398349e+00
7.059999999999999609e-01 1.451626968383789240e+00
7.069999999999999618e-01 1.449896621704101829e+00
7.079999999999999627e-01 1.448166275024414418e+00
7.089999999999999636e-01 1.446422195434570401e+00
7.099999999999999645e-01 1.444671249389648970e+00
7.109999999999999654e-01 1.442920303344726651e+00
7.119999999999999662e-01 1.441155624389648615e+00
7.129999999999999671e-01 1.439384078979492276e+00
7.139999999999999680e-01 1.437605667114258079e+00
7.149999999999999689e-01 1.435820388793945579e+00
7.159999999999999698e-01 1.434035110473633079e+00
7.169999999999999707e-01 1.432236099243164418e+00
7.179999999999999716e-01 1.430430221557617454e+00
7.189999999999999725e-01 1.428610610961914329e+00
7.199999999999999734e-01 1.426791000366211204e+00
7.209999999999999742e-01 1.424964523315429776e+00
7.219999999999999751e-01 1.423131179809570046e+00
7.229999999999999760e-01 1.421284103393554599e+00
7.239999999999999769e-01 1.419437026977539151e+00
7.249999999999999778e-01 1.417576217651367543e+00
7.259999999999999787e-01 1.415715408325195490e+00
7.269999999999999796e-01 1.413840866088867276e+00
7.279999999999999805e-01 1.411959457397461204e+00
7.289999999999999813e-01 1.410071182250976385e+00
7.299999999999999822e-01 1.408176040649414151e+00
7.309999999999999831e-01 1.406274032592773615e+00
7.319999999999999840e-01 1.404365158081054776e+00
7.329999999999999849e-01 1.402442550659179776e+00
7.339999999999999858e-01 1.400519943237304332e+00
7.349999999999999867e-01 1.398583602905273615e+00
7.359999999999999876e-01 1.396640396118164151e+00
7.369999999999999885e-01 1.394690322875976385e+00
7.379999999999999893e-01 1.392733383178710760e+00
7.389999999999999902e-01 1.390769577026367276e+00
7.399999999999999911e-01 1.388792037963867188e+00
7.409999999999999920e-01 1.386814498901367099e+00
7.419999999999999929e-01 1.384823226928710849e+00
7.429999999999999938e-01 1.382825088500976740e+00
7.439999999999999947e-01 1.380820083618164329e+00
7.449999999999999956e-01 1.378801345825195312e+00
7.459999999999999964e-01 1.376782608032226740e+00
7.469999999999999973e-01 1.374750137329101562e+00
7.479999999999999982e-01 1.372710800170898526e+00
7.489999999999999991e-01 1.370664596557617188e+00
7.500000000000000000e-01 1.368611526489257990e+00
7.510000000000000009e-01 1.366544723510742188e+00
7.520000000000000018e-01 1.364471054077148526e+00
7.530000000000000027e-01 1.362390518188476562e+00
7.540000000000000036e-01 1.360303115844726740e+00
7.550000000000000044e-01 1.358201980590820312e+00
7.560000000000000053e-01 1.356100845336914329e+00
7.570000000000000062e-01 1.353985977172851740e+00
7.580000000000000071e-01 1.351857376098632990e+00
7.590000000000000080e-01 1.349728775024414240e+00
7.600000000000000089e-01 1.347586441040039329e+00
7.610000000000000098e-01 1.345437240600586115e+00
7.620000000000000107e-01 1.343274307250976740e+00
7.630000000000000115e-01 1.341111373901367365e+00
7.640000000000000124e-01 1.338934707641601385e+00
7.650000000000000133e-01 1.336744308471679688e+00
7.660000000000000142e-01 1.334553909301757990e+00
7.670000000000000151e-01 1.332349777221679688e+00
7.680000000000000160e-01 1.330138778686523526e+00
7.690000000000000169e-01 1.327914047241211204e+00
7.700000000000000178e-01 1.325682449340820579e+00
7.710000000000000187e-01 1.323443984985351651e+00
7.720000000000000195e-01 1.321191787719726562e+00
7.730000000000000204e-01 1.318932723999023615e+00
7.740000000000000213e-01 1.316666793823241921e+00
7.750000000000000222e-01 1.314387130737304510e+00
7.760000000000000231e-01 1.312100601196289240e+00
7.770000000000000240e-01 1.309800338745117365e+00
7.780000000000000249e-01 1.307493209838867188e+00
7.790000000000000258e-01 1.305179214477539595e+00
7.800000000000000266e-01 1.302851486206054954e+00
7.810000000000000275e-01 1.300516891479492010e+00
7.820000000000000284e-01 1.298168563842773793e+00
7.830000000000000293e-01 1.295813369750976829e+00
7.840000000000000302e-01 1.293444442749023704e+00
7.850000000000000311e-01 1.291068649291992276e+00
7.860000000000000320e-01 1.288685989379882990e+00
7.870000000000000329e-01 1.286289596557617099e+00
7.880000000000000338e-01 1.283879470825195490e+00
7.890000000000000346e-01 1.281469345092773438e+00
7.900000000000000355e-01 1.279038619995116921e+00
7.910000000000000364e-01 1.276601028442382990e+00
7.920000000000000373e-01 1.274156570434570312e+00
7.930000000000000382e-01 1.271698379516601918e+00
7.940000000000000391e-01 1.269226455688476474e+00
7.950000000000000400e-01 1.266747665405273615e+00
7.960000000000000409e-01 1.264262008666992010e+00
7.970000000000000417e-01 1.261762619018554688e+00
7.980000000000000426e-01 1.259249496459960760e+00
7.990000000000000435e-01 1.256722640991211115e+00
8.000000000000000444e-01 1.254195785522460582e+00
8.010000000000000453e-01 1.251648330688476474e+00
8.020000000000000462e-01 1.249094009399414062e+00
8.030000000000000471e-01 1.246525955200195490e+00
8.040000000000000480e-01 1.243951034545898615e+00
8.050000000000000488e-01 1.241362380981445579e+00
8.060000000000000497e-01 1.238759994506835938e+00
8.070000000000000506e-01 1.236150741577148438e+00
8.080000000000000515e-01 1.233527755737304332e+00
8.090000000000000524e-01 1.230891036987304510e+00
8.100000000000000533e-01 1.228240585327148526e+00
8.110000000000000542e-01 1.225583267211914240e+00
8.120000000000000551e-01 1.222912216186523793e+00
8.130000000000000560e-01 1.220234298706055043e+00
8.140000000000000568e-01 1.217542648315429688e+00
8.150000000000000577e-01 1.214837265014648615e+00
8.160000000000000586e-01 1.212118148803710938e+00
8.170000000000000595e-01 1.209385299682617099e+00
8.180000000000000604e-01 1.206645584106445845e+00
8.190000000000000613e-01 1.203885269165039240e+00
8.200000000000000622e-01 1.201118087768554776e+00
8.210000000000000631e-01 1.198337173461914151e+00
8.220000000000000639e-01 1.195549392700195224e+00
8.230000000000000648e-01 1.192741012573242276e+00
8.240000000000000657e-01 1.189925765991211026e+00
8.250000000000000666e-01 1.187089920043945312e+00
8.260000000000000675e-01 1.184247207641601296e+00
8.270000000000000684e-01 1.181390762329101562e+00
8.280000000000000693e-01 1.178520584106445668e+00
8.290000000000000702e-01 1.175636672973632724e+00
8.300000000000000711e-01 1.172739028930664062e+00
8.310000000000000719e-01 1.169827651977538796e+00
8.320000000000000728e-01 1.166902542114257812e+00
8.330000000000000737e-01 1.163963699340820224e+00
8.339999999999999636e-01 1.161011123657226474e+00
8.349999999999999645e-01 1.158044815063476562e+00
8.359999999999999654e-01 1.155064773559570046e+00
8.369999999999999662e-01 1.152070999145508257e+00
8.379999999999999671e-01 1.149063491821288974e+00
8.389999999999999680e-01 1.146042251586913974e+00
8.399999999999999689e-01 1.143007278442382812e+00
8.409999999999999698e-01 1.139951705932617188e+00
8.419999999999999707e-01 1.136889266967773704e+00
8.429999999999999716e-01 1.133806228637695312e+00
8.439999999999999725e-01 1.130709457397461204e+00
8.449999999999999734e-01 1.127598953247070046e+00
8.459999999999999742e-01 1.124467849731445312e+00
8.469999999999999751e-01 1.121329879760742276e+00
8.479999999999999760e-01 1.118171310424804776e+00
8.489999999999999769e-01 1.114999008178710671e+00
8.499999999999999778e-01 1.111806106567382990e+00
8.509999999999999787e-01 1.108599472045898260e+00
8.519999999999999796e-01 1.105379104614257812e+00
8.529999999999999805e-01 1.102145004272461204e+00
8.539999999999999813e-01 1.098890304565429688e+00
8.549999999999999822e-01 1.095621871948242010e+00
8.559999999999999831e-01 1.092332839965820312e+00
8.569999999999999840e-01 1.089030075073242010e+00
8.579999999999999849e-01 1.085706710815429688e+00
8.589999999999999858e-01 1.082369613647461204e+00
8.599999999999999867e-01 1.079018783569336115e+00
8.609999999999999876e-01 1.075647354125976562e+00
8.619999999999999885e-01 1.072255325317382990e+00
8.629999999999999893e-01 1.068849563598632812e+00
8.639999999999999902e-01 1.065423202514648615e+00
8.649999999999999911e-01 1.061976242065429954e+00
8.659999999999999920e-01 1.058515548706054688e+00
8.669999999999999929e-01 1.055034255981445401e+00
8.679999999999999938e-01 1.051539230346679954e+00
8.689999999999999947e-01 1.048016738891601740e+00
8.699999999999999956e-01 1.044480514526366921e+00
8.709999999999999964e-01 1.040923690795898526e+00
8.719999999999999973e-01 1.037353134155273526e+00
8.729999999999999982e-01 1.033755111694335760e+00
8.739999999999999991e-01 1.030143356323241832e+00
8.750000000000000000e-01 1.026504135131835582e+00
8.760000000000000009e-01 1.022851181030273615e+00
8.770000000000000018e-01 1.019177627563476296e+00
8.780000000000000027e-01 1.015476608276367099e+00
8.790000000000000036e-01 1.011761856079101740e+00
8.800000000000000044e-01 1.008019638061523171e+00
8.810000000000000053e-01 1.004263687133788885e+00
8.820000000000000062e-01 1.000480270385742276e+00
8.830000000000000071e-01 9.966762542724608709e-01
8.840000000000000080e-01 9.928516387939452237e-01
8.850000000000000089e-01 9.890064239501953347e-01
8.860000000000000098e-01 9.851337432861326793e-01
8.870000000000000107e-01 9.812404632568358931e-01
8.880000000000000115e-01 9.773265838623046431e-01
8.890000000000000124e-01 9.733852386474609597e-01
8.900000000000000133e-01 9.694164276123047319e-01
8.910000000000000142e-01 9.654338836669923429e-01
8.920000000000000151e-01 9.614170074462892179e-01
8.930000000000000160e-01 9.573795318603516291e-01
8.940000000000000169e-01 9.533214569091796875e-01
8.950000000000000178e-01 9.492290496826172319e-01
8.960000000000000187e-01 9.451160430908204235e-01
8.970000000000000195e-01 9.409824371337890403e-01
8.980000000000000204e-01 9.368144989013673651e-01
8.990000000000000213e-01 9.326190948486328125e-01
9.000000000000000222e-01 9.284030914306641291e-01
9.010000000000000231e-01 9.241527557373048207e-01
9.020000000000000240e-01 9.198818206787110485e-01
9.030000000000000249e-01 9.155765533447265403e-01
9.040000000000000258e-01 9.112506866455076793e-01
9.050000000000000266e-01 9.068836212158202237e-01
9.060000000000000275e-01 9.024959564208984153e-01
9.070000000000000284e-01 8.980808258056639515e-01
9.080000000000000293e-01 8.936244964599610041e-01
9.090000000000000302e-01 8.891475677490235929e-01
9.100000000000000311e-01 8.846363067626954457e-01
9.110000000000000320e-01 8.800907135009764515e-01
9.120000000000000329e-01 8.755176544189453569e-01
9.130000000000000338e-01 8.709102630615234153e-01
9.140000000000000346e-01 8.662616729736325460e-01
9.150000000000000355e-01 8.615924835205077681e-01
9.160000000000000364e-01 8.568820953369140625e-01
9.170000000000000373e-01 8.521373748779296209e-01
9.180000000000000382e-01 8.473514556884765847e-01
9.190000000000000391e-01 8.425380706787110041e-01
9.200000000000000400e-01 8.376834869384764959e-01
9.210000000000000409e-01 8.327945709228515847e-01
9.220000000000000417e-01 8.278644561767577459e-01
9.230000000000000426e-01 8.229000091552735041e-01
9.240000000000000435e-01 8.178874969482422541e-01
9.250000000000000444e-01 8.128406524658202681e-01
9.260000000000000453e-01 8.077526092529296875e-01
9.270000000000000462e-01 8.026233673095704013e-01
9.280000000000000471e-01 7.974529266357422985e-01
9.290000000000000480e-01 7.922412872314454901e-01
9.300000000000000488e-01 7.869815826416016735e-01
9.310000000000000497e-01 7.816738128662109597e-01
9.320000000000000506e-01 7.763248443603517623e-01
9.330000000000000515e-01 7.709278106689454457e-01
9.340000000000000524e-01 7.654758453369142623e-01
9.350000000000000533e-01 7.599826812744141513e-01
9.360000000000000542e-01 7.544414520263673651e-01
9.370000000000000551e-01 7.488452911376953791e-01
9.380000000000000560e-01 7.431941986083984153e-01
9.390000000000000568e-01 7.374950408935547763e-01
9.400000000000000577e-01 7.317340850830077459e-01
9.410000000000000586e-01 7.259250640869141513e-01
9.420000000000000595e-01 7.200542449951173873e-01
9.430000000000000604e-01 7.141216278076172319e-01
9.440000000000000613e-01 7.081340789794923207e-01
9.450000000000000622e-01 7.020778656005859375e-01
9.460000000000000631e-01 6.959667205810546875e-01
9.470000000000000639e-01 6.897869110107421875e-01
9.480000000000000648e-01 6.835384368896485485e-01
9.490000000000000657e-01 6.772212982177735485e-01
9.500000000000000666e-01 6.708354949951172985e-01
9.510000000000000675e-01 6.643741607666017179e-01
9.520000000000000684e-01 6.578372955322265847e-01
9.530000000000000693e-01 6.512248992919923429e-01
9.540000000000000702e-01 6.445301055908203569e-01
9.550000000000000711e-01 6.377597808837890403e-01
9.560000000000000719e-01 6.309001922607422319e-01
9.570000000000000728e-01 6.239513397216797097e-01
9.580000000000000737e-01 6.169132232666015847e-01
9.590000000000000746e-01 6.097858428955078569e-01
9.600000000000000755e-01 6.025554656982422541e-01
9.609999999999999654e-01 5.952220916748046653e-01
9.619999999999999662e-01 5.877925872802732821e-01
9.629999999999999671e-01 5.802532196044922763e-01
9.639999999999999680e-01 5.725971221923826793e-01
9.649999999999999689e-01 5.648242950439452681e-01
9.659999999999999698e-01 5.569347381591795987e-01
9.669999999999999707e-01 5.489078521728515403e-01
9.679999999999999716e-01 5.407573699951173651e-01
9.689999999999999725e-01 5.324626922607422763e-01
9.699999999999999734e-01 5.240238189697264959e-01
9.709999999999999742e-01 5.154338836669921653e-01
9.719999999999999751e-01 5.066791534423826793e-01
9.729999999999999760e-01 4.977527618408202903e-01
9.739999999999999769e-01 4.886547088623046653e-01
9.749999999999999778e-01 4.793643951416015625e-01
9.759999999999999787e-01 4.698749542236327903e-01
9.769999999999999796e-01 4.601726531982422985e-01
9.779999999999999805e-01 4.502506256103515625e-01
9.789999999999999813e-01 4.400814056396483709e-01
9.799999999999999822e-01 4.296512603759765625e-01
9.809999999999999831e-01 4.189464569091796431e-01
9.819999999999999840e-01 4.079395294189452903e-01
9.829999999999999849e-01 3.966098785400391513e-01
9.839999999999999858e-01 3.849300384521484597e-01
9.849999999999999867e-01 3.728588104248047319e-01
9.859999999999999876e-01 3.603687286376953125e-01
9.869999999999999885e-01 3.474048614501953347e-01
9.879999999999999893e-01 3.339122772216797097e-01
9.889999999999999902e-01 3.198291778564452681e-01
9.899999999999999911e-01 3.050662994384766291e-01
9.909999999999999920e-01 2.895343780517577459e-01
9.919999999999999929e-01 2.730892181396483709e-01
9.929999999999999938e-01 2.555522918701171875e-01
9.939999999999999947e-01 2.366970062255859542e-01
9.949999999999999956e-01 2.161594390869140403e-01
9.959999999999999964e-01 1.934177398681641014e-01
9.969999999999999973e-01 1.675724029541015569e-01
9.979999999999999982e-01 1.368793487548828347e-01
9.989999999999999991e-01 9.682731628417970415e-02
1.000000000000000000e+00 3.433227539062500085e-06
